0 0.52
1000 0.526
2000 0.598
3000 0.59
4000 0.586
5000 0.64
6000 0.62
7000 0.676
8000 0.682
9000 0.666
10000 0.748
11000 0.762
12000 0.774
13000 0.738
14000 0.79
15000 0.784
16000 0.764
17000 0.798
18000 0.792
19000 0.782
20000 0.764
21000 0.804
22000 0.774
23000 0.808
24000 0.834
25000 0.828
26000 0.838
27000 0.802
28000 0.856
29000 0.864
30000 0.828
31000 0.794
32000 0.81
33000 0.786
34000 0.746
35000 0.77
36000 0.746
37000 0.702
38000 0.734
39000 0.718
40000 0.728
41000 0.754
42000 0.742
43000 0.73
44000 0.698
45000 0.722
46000 0.714
47000 0.688
48000 0.702
49000 0.76
50000 0.656
51000 0.696
52000 0.71
53000 0.696
54000 0.696
55000 0.69
56000 0.68
57000 0.672
58000 0.662
59000 0.7
60000 0.688
61000 0.658
62000 0.702
63000 0.684
64000 0.674
65000 0.656
66000 0.668
67000 0.692
68000 0.644
69000 0.642
70000 0.642
71000 0.628
72000 0.666
73000 0.634
74000 0.662
75000 0.642
76000 0.64
77000 0.656
78000 0.674
79000 0.69
80000 0.664
81000 0.662
82000 0.66
83000 0.66
84000 0.624
85000 0.678
86000 0.662
87000 0.718
88000 0.642
89000 0.65
90000 0.678
91000 0.666
92000 0.66
93000 0.614
94000 0.668
95000 0.684
96000 0.628
97000 0.636
98000 0.646
99000 0.626
100000 0.654
101000 0.648
102000 0.654
103000 0.664
104000 0.644
105000 0.644
106000 0.666
107000 0.652
108000 0.67
109000 0.636
110000 0.634
111000 0.652
112000 0.662
113000 0.63
114000 0.678
115000 0.62
116000 0.63
117000 0.596
118000 0.596
119000 0.57
120000 0.626
121000 0.598
122000 0.608
123000 0.614
124000 0.63
