0 0.514
1000 0.564
2000 0.59
3000 0.6
4000 0.58
5000 0.578
6000 0.584
7000 0.546
8000 0.55
9000 0.57
10000 0.56
11000 0.588
12000 0.496
13000 0.53
14000 0.52
15000 0.54
16000 0.52
17000 0.5
18000 0.506
19000 0.492
20000 0.496
21000 0.534
22000 0.53
23000 0.528
24000 0.5
25000 0.528
26000 0.518
27000 0.506
28000 0.544
29000 0.556
30000 0.528
31000 0.514
32000 0.518
33000 0.516
34000 0.528
35000 0.552
36000 0.55
37000 0.57
38000 0.464
39000 0.548
40000 0.522
41000 0.598
42000 0.584
43000 0.512
44000 0.584
45000 0.536
46000 0.492
47000 0.538
48000 0.518
49000 0.484
50000 0.488
51000 0.52
52000 0.502
53000 0.564
54000 0.546
55000 0.594
56000 0.564
57000 0.554
58000 0.528
59000 0.56
60000 0.528
61000 0.57
62000 0.598
63000 0.608
64000 0.588
65000 0.596
66000 0.582
67000 0.564
68000 0.572
69000 0.524
70000 0.588
71000 0.582
72000 0.514
73000 0.578
74000 0.528
75000 0.514
76000 0.57
77000 0.564
78000 0.522
79000 0.554
80000 0.542
81000 0.538
82000 0.516
83000 0.538
84000 0.562
85000 0.542
86000 0.552
87000 0.552
88000 0.502
89000 0.568
90000 0.578
91000 0.548
92000 0.534
93000 0.498
94000 0.472
95000 0.504
96000 0.502
97000 0.562
98000 0.498
99000 0.54
100000 0.502
101000 0.494
102000 0.562
103000 0.494
104000 0.486
105000 0.55
106000 0.524
107000 0.484
108000 0.466
109000 0.498
110000 0.494
111000 0.456
112000 0.488
113000 0.44
114000 0.478
115000 0.484
116000 0.464
117000 0.468
118000 0.452
119000 0.438
120000 0.494
121000 0.468
122000 0.446
123000 0.466
124000 0.478
