0 0.438
1000 0.678
2000 0.68
3000 0.678
4000 0.7
5000 0.708
6000 0.68
7000 0.732
8000 0.704
9000 0.678
10000 0.774
11000 0.772
12000 0.752
13000 0.748
14000 0.792
15000 0.824
16000 0.784
17000 0.828
18000 0.85
19000 0.872
20000 0.832
21000 0.778
22000 0.8
23000 0.886
24000 0.89
25000 0.858
26000 0.868
27000 0.84
28000 0.872
29000 0.884
30000 0.852
31000 0.892
32000 0.846
33000 0.854
34000 0.854
35000 0.854
36000 0.856
37000 0.866
38000 0.866
39000 0.848
40000 0.84
41000 0.89
42000 0.914
43000 0.884
44000 0.874
45000 0.872
46000 0.878
47000 0.844
48000 0.818
49000 0.88
50000 0.876
51000 0.894
52000 0.848
53000 0.834
54000 0.864
55000 0.846
56000 0.846
57000 0.86
58000 0.86
59000 0.896
60000 0.862
61000 0.888
62000 0.872
63000 0.854
64000 0.886
65000 0.874
66000 0.89
67000 0.89
68000 0.876
69000 0.868
70000 0.856
71000 0.852
72000 0.896
73000 0.86
74000 0.848
75000 0.88
76000 0.872
77000 0.86
78000 0.868
79000 0.892
80000 0.828
81000 0.872
82000 0.864
83000 0.872
84000 0.892
85000 0.874
86000 0.854
87000 0.896
88000 0.872
89000 0.878
90000 0.884
91000 0.874
92000 0.906
93000 0.886
94000 0.886
95000 0.884
96000 0.894
97000 0.892
98000 0.892
99000 0.9
100000 0.874
101000 0.876
102000 0.89
103000 0.886
104000 0.876
105000 0.864
106000 0.874
107000 0.878
108000 0.876
109000 0.882
110000 0.884
111000 0.88
112000 0.882
113000 0.878
114000 0.898
115000 0.914
116000 0.89
117000 0.896
118000 0.878
119000 0.894
120000 0.864
121000 0.884
122000 0.838
123000 0.862
124000 0.88
