0 0.416
1000 0.464
2000 0.466
3000 0.498
4000 0.496
5000 0.506
6000 0.502
7000 0.49
8000 0.494
9000 0.488
10000 0.536
11000 0.602
12000 0.674
13000 0.59
14000 0.664
15000 0.61
16000 0.636
17000 0.614
18000 0.562
19000 0.602
20000 0.51
21000 0.554
22000 0.554
23000 0.494
24000 0.5
25000 0.52
26000 0.518
27000 0.476
28000 0.46
29000 0.474
30000 0.514
31000 0.48
32000 0.474
33000 0.492
34000 0.41
35000 0.42
36000 0.472
37000 0.458
38000 0.458
39000 0.436
40000 0.502
41000 0.454
42000 0.464
43000 0.468
44000 0.5
45000 0.504
46000 0.524
47000 0.488
48000 0.5
49000 0.496
50000 0.518
51000 0.53
52000 0.49
53000 0.512
54000 0.466
55000 0.486
56000 0.454
57000 0.466
58000 0.446
59000 0.486
60000 0.468
61000 0.472
62000 0.446
63000 0.454
64000 0.466
65000 0.492
66000 0.476
67000 0.454
68000 0.38
69000 0.448
70000 0.434
71000 0.428
72000 0.448
73000 0.48
74000 0.492
75000 0.512
76000 0.442
77000 0.53
78000 0.478
79000 0.45
80000 0.49
81000 0.514
82000 0.426
83000 0.416
84000 0.426
85000 0.384
86000 0.368
87000 0.37
88000 0.368
89000 0.384
90000 0.428
91000 0.37
92000 0.412
93000 0.398
94000 0.388
95000 0.412
96000 0.382
97000 0.428
98000 0.446
99000 0.462
100000 0.374
101000 0.394
102000 0.476
103000 0.424
104000 0.414
105000 0.422
106000 0.402
107000 0.438
108000 0.394
109000 0.412
110000 0.356
111000 0.404
112000 0.394
113000 0.336
114000 0.376
115000 0.424
116000 0.376
117000 0.436
118000 0.362
119000 0.376
120000 0.426
121000 0.414
122000 0.46
123000 0.34
124000 0.356
