0 0.45
1000 0.56
2000 0.596
3000 0.602
4000 0.696
5000 0.668
6000 0.69
7000 0.652
8000 0.658
9000 0.728
10000 0.696
11000 0.71
12000 0.722
13000 0.776
14000 0.804
15000 0.76
16000 0.784
17000 0.842
18000 0.816
19000 0.892
20000 0.798
21000 0.8
22000 0.838
23000 0.868
24000 0.848
25000 0.856
26000 0.864
27000 0.812
28000 0.866
29000 0.856
30000 0.842
31000 0.852
32000 0.83
33000 0.812
34000 0.842
35000 0.866
36000 0.836
37000 0.842
38000 0.828
39000 0.818
40000 0.808
41000 0.832
42000 0.814
43000 0.826
44000 0.794
45000 0.82
46000 0.832
47000 0.864
48000 0.838
49000 0.83
50000 0.794
51000 0.794
52000 0.844
53000 0.822
54000 0.79
55000 0.816
56000 0.812
57000 0.816
58000 0.848
59000 0.86
60000 0.854
61000 0.86
62000 0.812
63000 0.854
64000 0.85
65000 0.852
66000 0.848
67000 0.838
68000 0.86
69000 0.822
70000 0.842
71000 0.85
72000 0.856
73000 0.86
74000 0.85
75000 0.856
76000 0.84
77000 0.836
78000 0.882
79000 0.828
80000 0.818
81000 0.832
82000 0.856
83000 0.872
84000 0.834
85000 0.842
86000 0.85
87000 0.83
88000 0.808
89000 0.852
90000 0.854
91000 0.87
92000 0.844
93000 0.86
94000 0.832
95000 0.812
96000 0.834
97000 0.83
98000 0.82
99000 0.788
100000 0.854
101000 0.866
102000 0.778
103000 0.832
104000 0.866
105000 0.81
106000 0.846
107000 0.81
108000 0.87
109000 0.838
110000 0.844
111000 0.814
112000 0.858
113000 0.888
114000 0.87
115000 0.84
116000 0.816
117000 0.822
118000 0.872
119000 0.858
120000 0.862
121000 0.822
122000 0.874
123000 0.876
124000 0.88
