0 0.538
1000 0.604
2000 0.584
3000 0.64
4000 0.638
5000 0.688
6000 0.586
7000 0.59
8000 0.624
9000 0.662
10000 0.662
11000 0.682
12000 0.702
13000 0.626
14000 0.698
15000 0.72
16000 0.754
17000 0.722
18000 0.706
19000 0.752
20000 0.748
21000 0.734
22000 0.784
23000 0.73
24000 0.772
25000 0.758
26000 0.788
27000 0.766
28000 0.822
29000 0.772
30000 0.812
31000 0.766
32000 0.806
33000 0.75
34000 0.784
35000 0.788
36000 0.808
37000 0.83
38000 0.786
39000 0.82
40000 0.79
41000 0.832
42000 0.778
43000 0.812
44000 0.774
45000 0.786
46000 0.83
47000 0.814
48000 0.786
49000 0.788
50000 0.792
51000 0.782
52000 0.784
53000 0.784
54000 0.772
55000 0.78
56000 0.764
57000 0.794
58000 0.784
59000 0.794
60000 0.81
61000 0.77
62000 0.76
63000 0.79
64000 0.742
65000 0.778
66000 0.772
67000 0.78
68000 0.776
69000 0.786
70000 0.774
71000 0.722
72000 0.782
73000 0.756
74000 0.738
75000 0.808
76000 0.778
77000 0.778
78000 0.756
79000 0.75
80000 0.772
81000 0.784
82000 0.76
83000 0.762
84000 0.768
85000 0.75
86000 0.75
87000 0.724
88000 0.738
89000 0.77
90000 0.714
91000 0.736
92000 0.756
93000 0.764
94000 0.722
95000 0.748
96000 0.746
97000 0.74
98000 0.722
99000 0.7
100000 0.766
101000 0.714
102000 0.742
103000 0.738
104000 0.716
105000 0.734
106000 0.686
107000 0.728
108000 0.706
109000 0.728
110000 0.754
111000 0.724
112000 0.694
113000 0.712
114000 0.724
115000 0.714
116000 0.708
117000 0.708
118000 0.712
119000 0.744
120000 0.696
121000 0.706
122000 0.712
123000 0.706
124000 0.704
