0 0.44
1000 0.632
2000 0.672
3000 0.692
4000 0.724
5000 0.726
6000 0.738
7000 0.728
8000 0.716
9000 0.74
10000 0.696
11000 0.758
12000 0.836
13000 0.84
14000 0.844
15000 0.828
16000 0.788
17000 0.786
18000 0.798
19000 0.74
20000 0.792
21000 0.838
22000 0.806
23000 0.838
24000 0.842
25000 0.842
26000 0.878
27000 0.84
28000 0.888
29000 0.864
30000 0.874
31000 0.85
32000 0.832
33000 0.84
34000 0.864
35000 0.844
36000 0.846
37000 0.83
38000 0.834
39000 0.836
40000 0.846
41000 0.846
42000 0.862
43000 0.834
44000 0.882
45000 0.86
46000 0.874
47000 0.88
48000 0.898
49000 0.882
50000 0.858
51000 0.818
52000 0.846
53000 0.902
54000 0.84
55000 0.848
56000 0.85
57000 0.892
58000 0.874
59000 0.848
60000 0.856
61000 0.832
62000 0.864
63000 0.852
64000 0.868
65000 0.876
66000 0.814
67000 0.864
68000 0.858
69000 0.828
70000 0.848
71000 0.83
72000 0.826
73000 0.864
74000 0.838
75000 0.828
76000 0.874
77000 0.832
78000 0.886
79000 0.826
80000 0.868
81000 0.83
82000 0.876
83000 0.85
84000 0.872
85000 0.844
86000 0.838
87000 0.848
88000 0.874
89000 0.848
90000 0.888
91000 0.876
92000 0.88
93000 0.864
94000 0.876
95000 0.9
96000 0.88
97000 0.874
98000 0.88
99000 0.874
100000 0.892
101000 0.864
102000 0.874
103000 0.842
104000 0.856
105000 0.882
106000 0.878
107000 0.876
108000 0.88
109000 0.856
110000 0.876
111000 0.858
112000 0.82
113000 0.856
114000 0.816
115000 0.864
116000 0.844
117000 0.876
118000 0.858
119000 0.822
120000 0.828
121000 0.83
122000 0.854
123000 0.852
124000 0.866
