0 0.544
1000 0.656
2000 0.692
3000 0.714
4000 0.728
5000 0.708
6000 0.696
7000 0.74
8000 0.76
9000 0.734
10000 0.724
11000 0.782
12000 0.772
13000 0.79
14000 0.772
15000 0.748
16000 0.736
17000 0.738
18000 0.77
19000 0.768
20000 0.774
21000 0.806
22000 0.81
23000 0.78
24000 0.78
25000 0.828
26000 0.812
27000 0.806
28000 0.834
29000 0.816
30000 0.826
31000 0.798
32000 0.83
33000 0.848
34000 0.824
35000 0.796
36000 0.792
37000 0.814
38000 0.812
39000 0.796
40000 0.788
41000 0.79
42000 0.786
43000 0.8
44000 0.842
45000 0.804
46000 0.806
47000 0.816
48000 0.81
49000 0.82
50000 0.818
51000 0.804
52000 0.83
53000 0.788
54000 0.828
55000 0.788
56000 0.826
57000 0.8
58000 0.808
59000 0.806
60000 0.784
61000 0.776
62000 0.81
63000 0.772
64000 0.8
65000 0.814
66000 0.788
67000 0.794
68000 0.796
69000 0.786
70000 0.812
71000 0.756
72000 0.786
73000 0.766
74000 0.778
75000 0.778
76000 0.766
77000 0.76
78000 0.776
79000 0.738
80000 0.786
81000 0.774
82000 0.782
83000 0.776
84000 0.794
85000 0.792
86000 0.772
87000 0.74
88000 0.716
89000 0.728
90000 0.786
91000 0.764
92000 0.726
93000 0.76
94000 0.782
95000 0.754
96000 0.724
97000 0.734
98000 0.758
99000 0.772
100000 0.688
101000 0.73
102000 0.738
103000 0.762
104000 0.738
105000 0.73
106000 0.732
107000 0.716
108000 0.722
109000 0.77
110000 0.696
111000 0.712
112000 0.684
113000 0.76
114000 0.722
115000 0.716
116000 0.698
117000 0.744
118000 0.704
119000 0.748
120000 0.722
121000 0.702
122000 0.75
123000 0.698
124000 0.69
