0 0.452
1000 0.634
2000 0.62
3000 0.6
4000 0.668
5000 0.734
6000 0.764
7000 0.756
8000 0.75
9000 0.77
10000 0.824
11000 0.816
12000 0.77
13000 0.798
14000 0.784
15000 0.76
16000 0.816
17000 0.822
18000 0.836
19000 0.832
20000 0.848
21000 0.812
22000 0.814
23000 0.828
24000 0.844
25000 0.868
26000 0.866
27000 0.844
28000 0.826
29000 0.806
30000 0.836
31000 0.856
32000 0.878
33000 0.868
34000 0.884
35000 0.864
36000 0.864
37000 0.838
38000 0.832
39000 0.892
40000 0.876
41000 0.868
42000 0.892
43000 0.894
44000 0.87
45000 0.862
46000 0.842
47000 0.852
48000 0.86
49000 0.872
50000 0.862
51000 0.87
52000 0.856
53000 0.868
54000 0.852
55000 0.86
56000 0.856
57000 0.884
58000 0.876
59000 0.896
60000 0.878
61000 0.886
62000 0.838
63000 0.84
64000 0.856
65000 0.856
66000 0.87
67000 0.878
68000 0.87
69000 0.882
70000 0.826
71000 0.866
72000 0.848
73000 0.834
74000 0.866
75000 0.868
76000 0.856
77000 0.876
78000 0.86
79000 0.876
80000 0.832
81000 0.88
82000 0.866
83000 0.852
84000 0.846
85000 0.894
86000 0.85
87000 0.868
88000 0.87
89000 0.876
90000 0.884
91000 0.886
92000 0.842
93000 0.884
94000 0.864
95000 0.856
96000 0.89
97000 0.862
98000 0.894
99000 0.876
100000 0.868
101000 0.87
102000 0.872
103000 0.88
104000 0.86
105000 0.882
106000 0.872
107000 0.872
108000 0.86
109000 0.862
110000 0.878
111000 0.866
112000 0.858
113000 0.856
114000 0.876
115000 0.88
116000 0.902
117000 0.86
118000 0.846
119000 0.856
120000 0.854
121000 0.882
122000 0.862
123000 0.876
124000 0.872
