0 0.534
1000 0.544
2000 0.55
3000 0.534
4000 0.534
5000 0.578
6000 0.526
7000 0.586
8000 0.544
9000 0.586
10000 0.568
11000 0.592
12000 0.568
13000 0.584
14000 0.552
15000 0.584
16000 0.53
17000 0.548
18000 0.492
19000 0.496
20000 0.508
21000 0.484
22000 0.49
23000 0.494
24000 0.478
25000 0.484
26000 0.49
27000 0.492
28000 0.512
29000 0.522
30000 0.506
31000 0.486
32000 0.49
33000 0.542
34000 0.524
35000 0.556
36000 0.534
37000 0.476
38000 0.502
39000 0.516
40000 0.55
41000 0.51
42000 0.586
43000 0.61
44000 0.61
45000 0.61
46000 0.538
47000 0.586
48000 0.556
49000 0.6
50000 0.606
51000 0.54
52000 0.572
53000 0.624
54000 0.596
55000 0.588
56000 0.594
57000 0.588
58000 0.548
59000 0.542
60000 0.582
61000 0.58
62000 0.578
63000 0.554
64000 0.562
65000 0.58
66000 0.568
67000 0.558
68000 0.524
69000 0.53
70000 0.522
71000 0.516
72000 0.498
73000 0.52
74000 0.52
75000 0.504
76000 0.556
77000 0.522
78000 0.506
79000 0.488
80000 0.488
81000 0.462
82000 0.536
83000 0.544
84000 0.54
85000 0.54
86000 0.512
87000 0.504
88000 0.546
89000 0.514
90000 0.496
91000 0.528
92000 0.464
93000 0.544
94000 0.512
95000 0.512
96000 0.514
97000 0.472
98000 0.5
99000 0.51
100000 0.538
101000 0.502
102000 0.528
103000 0.51
104000 0.534
105000 0.492
106000 0.5
107000 0.53
108000 0.51
109000 0.514
110000 0.492
111000 0.47
112000 0.544
113000 0.468
114000 0.48
115000 0.482
116000 0.482
117000 0.496
118000 0.494
119000 0.458
120000 0.47
121000 0.484
122000 0.468
123000 0.52
124000 0.466
