0 0.528
1000 0.646
2000 0.678
3000 0.668
4000 0.69
5000 0.716
6000 0.728
7000 0.682
8000 0.668
9000 0.674
10000 0.726
11000 0.722
12000 0.678
13000 0.736
14000 0.74
15000 0.738
16000 0.752
17000 0.748
18000 0.79
19000 0.746
20000 0.77
21000 0.76
22000 0.776
23000 0.764
24000 0.764
25000 0.742
26000 0.766
27000 0.774
28000 0.762
29000 0.804
30000 0.84
31000 0.814
32000 0.832
33000 0.826
34000 0.838
35000 0.842
36000 0.85
37000 0.808
38000 0.844
39000 0.842
40000 0.828
41000 0.818
42000 0.812
43000 0.786
44000 0.802
45000 0.77
46000 0.782
47000 0.742
48000 0.756
49000 0.76
50000 0.734
51000 0.734
52000 0.736
53000 0.736
54000 0.676
55000 0.74
56000 0.686
57000 0.68
58000 0.68
59000 0.692
60000 0.712
61000 0.708
62000 0.7
63000 0.716
64000 0.664
65000 0.716
66000 0.668
67000 0.682
68000 0.642
69000 0.666
70000 0.67
71000 0.672
72000 0.704
73000 0.678
74000 0.654
75000 0.646
76000 0.71
77000 0.626
78000 0.7
79000 0.666
80000 0.668
81000 0.626
82000 0.67
83000 0.656
84000 0.688
85000 0.642
86000 0.648
87000 0.63
88000 0.674
89000 0.678
90000 0.642
91000 0.668
92000 0.618
93000 0.7
94000 0.656
95000 0.674
96000 0.656
97000 0.64
98000 0.642
99000 0.672
100000 0.68
101000 0.678
102000 0.698
103000 0.654
104000 0.644
105000 0.692
106000 0.67
107000 0.684
108000 0.68
109000 0.626
110000 0.656
111000 0.662
112000 0.638
113000 0.672
114000 0.658
115000 0.634
116000 0.686
117000 0.668
118000 0.648
119000 0.652
120000 0.648
121000 0.694
122000 0.692
123000 0.696
124000 0.678
