0 0.454
1000 0.45
2000 0.474
3000 0.428
4000 0.444
5000 0.43
6000 0.392
7000 0.436
8000 0.43
9000 0.402
10000 0.442
11000 0.436
12000 0.43
13000 0.418
14000 0.416
15000 0.398
16000 0.468
17000 0.46
18000 0.444
19000 0.434
20000 0.428
21000 0.394
22000 0.46
23000 0.38
24000 0.374
25000 0.414
26000 0.408
27000 0.416
28000 0.44
29000 0.408
30000 0.464
31000 0.466
32000 0.426
33000 0.424
34000 0.468
35000 0.51
36000 0.508
37000 0.514
38000 0.47
39000 0.46
40000 0.468
41000 0.51
42000 0.486
43000 0.538
44000 0.57
45000 0.562
46000 0.54
47000 0.52
48000 0.532
49000 0.522
50000 0.51
51000 0.474
52000 0.47
53000 0.55
54000 0.526
55000 0.494
56000 0.522
57000 0.52
58000 0.508
59000 0.544
60000 0.536
61000 0.548
62000 0.464
63000 0.47
64000 0.494
65000 0.474
66000 0.47
67000 0.47
68000 0.49
69000 0.446
70000 0.426
71000 0.38
72000 0.396
73000 0.43
74000 0.404
75000 0.434
76000 0.494
77000 0.408
78000 0.428
79000 0.532
80000 0.492
81000 0.468
82000 0.522
83000 0.432
84000 0.454
85000 0.46
86000 0.388
87000 0.432
88000 0.442
89000 0.46
90000 0.42
91000 0.44
92000 0.462
93000 0.456
94000 0.47
95000 0.444
96000 0.462
97000 0.434
98000 0.406
99000 0.466
100000 0.436
101000 0.478
102000 0.41
103000 0.458
104000 0.432
105000 0.426
106000 0.494
107000 0.434
108000 0.452
109000 0.448
110000 0.506
111000 0.444
112000 0.532
113000 0.492
114000 0.512
115000 0.502
116000 0.48
117000 0.52
118000 0.516
119000 0.494
120000 0.5
121000 0.49
122000 0.502
123000 0.518
124000 0.608
